   94  -2.8166       1.1695      0.72260      0.80386      0.13877E-01 -0.73882E-01
  104  -1.7855      0.16465      0.30809     -0.12248      0.31894     -0.31489E-01
   88  -6.4518      0.74512      0.40957     -0.11181      0.63677E-01  0.95147E-01
  170   2.3024      -1.3821      0.32430     -0.46185      0.91703E-01  0.71395E-01
  187   2.9748       1.8190      0.59973      0.22831      0.12121     -0.87279E-01
   96 -0.19060      0.96291      0.85066E-01  0.20824      0.99000E-02 -0.11255    
   86  -5.9586      0.24664     -0.33446      0.60111E-01 -0.63268E-01  0.94161E-01
   53   6.2500     -0.83309     -0.45078E-01 -0.19088     -0.30706E-01  0.10796    
   29   5.2799     -0.63486      0.99414E-01  0.23021     -0.39956E-01 -0.19645E-01
  135  -3.8325      0.37642      0.17155     -0.13160     -0.57918E-01  0.73840E-02
  139   2.5712     -0.92726      0.11395     -0.28797E-01 -0.10225      0.41156E-01
  111 -0.76923      0.82405     -0.20984     -0.14230     -0.10896     -0.27800E-02
  174   5.2599      0.61278E-01  -1.3929      0.41217      0.79461E-01  0.16932    
  179   4.5972      0.32395      0.39335E-01 -0.20247      0.14969     -0.10381E-01
  130  -3.9821       1.0123      0.18316E-01  0.22250      0.10099     -0.95683E-01
   58   3.3907      0.73571     -0.99856     -0.98798E-01  0.38082E-01 -0.11112E-01
   33   1.0822     -0.17424     -0.20919      0.69512     -0.12742     -0.16723    
  140   1.1132     -0.86212E-01  0.13312      0.13993E-01  0.47348E-01 -0.43310E-02
   77 -0.56356      0.23217     -0.15656     -0.34855     -0.18421     -0.46484E-01
  169   1.9988      -1.2499      0.49518      0.16042     -0.66607E-01  0.10529    
  181   3.1031     -0.13284      0.39176      0.36977E-01  0.12710      0.12937    
   10   5.5986     -0.43506      0.26044     -0.10132     -0.41210E-02  0.10043    
  131  -5.3757       1.2306      0.53937      0.10536      0.12217     -0.67140E-01
   24  -2.0501      -1.0405     -0.17419     -0.18672      0.88356E-01 -0.73311E-01
   14   6.9487      0.49563     -0.12346     -0.47125      0.10064     -0.45142E-01
    3  0.66700      0.25288     -0.22327     -0.52392     -0.73549E-01 -0.62993E-01
   31   3.7547     -0.95740     -0.78900E-01  0.77360     -0.33193E-01  0.26011    
  180   7.2549      0.80394      0.25915     -0.20270      0.33568E-01 -0.47400E-02
   63   7.6651      0.53820      0.34540     -0.76671E-01 -0.67105E-01 -0.86829E-01
   57   8.9125     -0.35456     -0.13208      0.12658     -0.23003      0.46649E-01
  134  -5.1340     -0.20818     -0.41191     -0.53296E-01 -0.24843E-01  0.23627E-01
   40  -1.1162     -0.50069     -0.46411      0.25680     -0.29203E-01 -0.12140    
  177  -1.3270      -2.0498     -0.36823      0.95971E-01  0.10927     -0.22222    
  188  -4.2827      0.50161     -0.28656     -0.22097      0.11814      0.10226    
   21   1.4687      -1.3652     -0.32001      0.43879E-01  0.10884     -0.53255E-01
  163  -3.1883     -0.57379     -0.26076     -0.17084     -0.29778E-01 -0.28052E-01
  221   4.3044      0.81048E-01  0.10872     -0.42716E-01  0.66188E-01  0.86307E-01
   64   6.0095      0.61064     -0.96973E-01 -0.38777      0.11771      0.20974E-01
   76  -2.9306      0.78714     -0.19865      0.10718     -0.12662      0.37980E-01
  138 -0.89320     -0.33275E-01 -0.22996     -0.28193     -0.19219     -0.10332    
  142  -2.5853      0.26657      0.22396      0.27214      0.48146E-01 -0.98364E-01
  194  -5.5043     -0.45822       1.2731     -0.14420E-01 -0.23288E-01  0.18615    
   39   1.4670      -2.0984     -0.29041      0.17480      0.82648E-01 -0.20821    
   19  0.23326     -0.76547     -0.39550     -0.17560      0.51428E-01  0.44775E-01
  114  -3.3762     -0.29217     -0.44983     -0.60268E-01  0.13576     -0.35412E-01
    2  -2.8010      0.30779      0.75867      0.73168E-01  0.21745      0.67439E-01
  164  -2.1519     -0.17276      0.65787     -0.67452     -0.86054E-01  0.10338    
  149  -5.2133      0.71766     -0.24204      0.27679E-01 -0.16153E-01  0.80262E-01
  191  -2.5606     -0.56097     -0.27054      0.51022     -0.11386      0.12761    
  119  -3.6653      0.38790     -0.30164      0.19408E-01  0.25072     -0.79774E-01
